322,4
322,3
322,2
322,1
322,0
321,4
321,3
321,2
321,1
321,0
320,6
320,5
320,4
320,3
320,2
320,1
320,0
319,6
319,5
319,4
319,3
319,2
319,1
319,0
318,6
318,5
318,4
318,3
318,2
318,1
318,0
317,4
317,3
317,2
317,1
317,0
316,3
316,2
316,1
316,0
315,3
315,2
315,1
315,0
314,4
314,3
314,2
314,1
314,0
313,4
313,3
313,2
313,1
313,0
312,4
312,3
312,2
312,1
312,0
311,4
311,3
311,2
311,1
311,0
310,4
310,3
310,2
310,1
310,0
309,4
309,3
309,2
309,1
309,0
308,4
308,3
308,2
308,1
308,0
307,3
307,2
307,1
307,0
306,4
306,3
306,2
306,1
306,0
305,3
305,2
305,1
305,0
304,3
304,2
304,1
304,0
303,5
303,4
303,3
303,2
303,1
303,0
302,3
302,2
302,1
302,0
301,4
301,3
301,2
301,1
301,0
300,3
300,2
300,1
300,0
299,4
299,3
299,2
299,1
299,0
298,4
298,3
298,2
298,1
298,0
297,6
297,5
297,4
297,3
297,2
297,1
297,0
296,6
296,5
296,4
296,3
296,2
296,1
296,0
295,6
295,5
295,4
295,3
295,2
295,1
295,0
294,4
294,3
294,2
294,1
294,0
293,3
293,2
293,1
293,0
292,3
292,2
292,1
292,0
291,4
291,3
291,2
291,1
291,0
290,4
290,3
290,2
290,1
290,0
289,4
289,3
289,2
289,1
289,0
288,4
288,3
288,2
288,1
288,0
287,4
287,3
287,2
287,1
287,0
286,4
286,3
286,2
286,1
286,0
285,4
285,3
285,2
285,1
285,0
284,3
284,2
284,1
284,0
283,4
283,3
283,2
283,1
283,0
282,3
282,2
282,1
282,0
281,3
281,2
281,1
281,0
280,5
280,4
280,3
280,2
280,1
280,0
279,3
279,2
279,1
279,0
278,4
278,3
278,2
278,1
278,0
277,3
277,2
277,1
277,0
0,310
0,305
0,308
0,307
0,302
0,304
0,303
0,12
0,10
0,8
0,0
0,417
0,416
0,300
0,415
0,414
0,299
0,527
0,499
0,298
0,497
0,413
0,297
0,496
0,412
0,296
0,411
0,295
0,563
0,495
0,294
0,493
0,410
0,293
0,526
0,292
0,525
0,407
0,291
0,491
0,406
0,290
0,546
0,492
0,289
0,524
0,288
0,488
0,405
0,287
0,490
0,404
0,286
0,552
0,403
0,285
0,562
0,501
0,284
0,566
0,400
0,283
0,402
0,523
0,282
0,399
0,445
0,281
0,397
0,396
0,280
0,395
0,394
0,279
0,393
0,392
0,278
0,391
0,401
0,277
0,389
0,388
0,276
0,551
0,522
0,275
0,487
0,387
0,274
0,442
0,386
0,273
0,485
0,385
0,272
0,484
0,483
0,271
0,441
0,384
0,270
0,521
0,383
0,269
0,565
0,382
0,268
0,506
0,381
0,267
0,544
0,398
0,266
0,554
0,520
0,265
0,480
0,380
0,264
0,479
0,379
0,263
0,478
0,378
0,262
0,477
0,261
0,543
0,377
0,260
0,519
0,376
0,259
0,475
0,575
0,258
0,561
0,374
0,257
0,518
0,568
0,256
0,553
0,473
0,255
0,465
0,373
0,254
0,462
0,372
0,253
0,333
0,371
0,252
0,517
0,251
0,469
0,370
0,250
0,468
0,369
0,249
0,516
0,368
0,248
0,429
0,367
0,247
0,515
0,246
0,549
0,482
0,245
0,423
0,366
0,244
0,459
0,365
0,242
0,452
0,243
0,322
0,360
254,3
254,5
0,408
1,3
1,1
0,449
0,458
0,466
0,476
0,486
0,494
0,531
0,532
0,537
0,542
0,545
0,557
0,559
0,564
3,0
3,3
251,3
251,1
273,3
273,1
258,3
256,0
256,3
257,0
257,3
259,0
259,3
260,0
260,1
263,0
263,1
268,0
268,1
255,3
255,1
274,3
274,1
276,3
265,0
265,3
253,0
253,3
261,0
261,3
271,0
271,1
271,3
261,1
253,1
265,1
276,1
276,0
274,0
255,0
268,3
263,3
260,3
259,1
257,1
256,1
258,1
258,0
273,0
251,0
3,1
0,560
0,550
0,541
0,533
0,498
0,481
0,470
0,457
0,446
1,0
254,1
254,0
2,1
2,3
2,0
0,9
0,364
0,241
0,390
0,363
0,240
0,514
0,463
0,239
0,330
0,362
0,238
0,461
0,361
0,237
0,513
0,236
0,359
0,235
0,540
0,558
0,234
0,538
0,460
0,233
0,570
0,358
0,232
0,419
0,357
0,231
0,356
0,230
0,555
0,355
0,229
0,539
0,354
0,228
0,507
0,353
0,227
0,535
0,226
0,510
0,352
0,225
0,455
0,536
0,224
0,548
0,375
0,223
0,489
0,349
0,222
0,534
0,454
0,221
0,512
0,503
0,220
0,472
0,348
0,219
0,474
0,347
0,218
0,464
0,346
0,217
0,511
0,345
0,216
0,451
0,572
0,215
0,456
0,343
0,214
0,471
0,342
0,213
0,351
0,341
0,212
0,556
0,340
0,211
0,350
0,339
0,210
0,338
0,209
0,448
0,337
0,208
0,450
0,336
0,207
0,447
0,574
0,206
0,467
0,335
0,205
0,444
0,344
0,204
0,443
0,567
0,203
0,509
0,332
0,202
0,422
0,440
0,201
0,530
0,573
0,200
0,508
0,331
0,199
0,439
0,571
0,198
0,438
0,329
0,197
0,453
0,328
0,196
0,529
0,436
0,195
0,528
0,435
0,194
0,437
0,327
0,193
0,434
0,326
0,192
0,433
0,325
0,63
0,432
0,324
0,62
0,431
0,323
0,61
0,430
0,321
0,60
0,428
0,59
0,505
0,320
0,58
0,427
0,319
0,57
0,426
0,318
0,56
0,504
0,317
0,55
0,547
0,502
0,54
0,425
0,53
0,334
0,316
0,52
0,500
0,315
0,51
0,418
0,314
0,50
0,569
0,313
0,49
0,424
0,312
0,48
0,421
0,311
0,47
0,420
0,309
0,46
0,306
0,45
0,409
0,301
0,6
0,5
0,1
0,11
0,4
0,2
0,3
0,7
